15
13
0
0
0
0
0
0
15
18
14
14
14
14
14
14
14
14
14
14
15
13
0
0
0
0
0
0
15
13
4
2
2
2
2
2
2
2
2
2
15
13
0
0
9
10
0
0
15
13
3
0
0
0
0
0
0
0
0
0
15
13
0
0
15
13
0
0
15
13
3
0
0
0
0
0
0
0
0
0
15
13
0
0
8
11
0
0
15
13
3
0
0
0
0
0
0
0
0
0
15
13
0
0
0
0
0
0
15
13
7
2
2
2
2
2
2
2
5
9
15
13
0
0
0
0
0
0
15
17
12
12
12
12
12
12
12
10
3
15
15
17
12
12
12
12
12
12
16
1
1
1
1
1
1
1
1
13
3
15
8
14
14
14
14
14
14
14
14
14
14
14
14
14
14
14
14
11
3
15
0
0
4
2
2
2
2
5
0
0
0
0
0
4
2
2
2
2
6
15
0
0
3
9
12
12
10
3
0
0
0
0
0
3
9
12
12
12
12
16
0
0
3
15
1
1
13
3
0
0
0
0
0
3
15
18
14
14
14
14
10
0
3
15
1
1
13
3
0
0
0
0
0
3
15
13
0
0
0
0
13
0
3
15
1
1
13
3
0
0
0
0
0
3
15
13
0
0
0
0
13
0
3
15
1
1
13
3
0
0
0
0
0
3
15
13
0
0
0
0
11
0
3
15
1
1
13
7
2
2
2
2
2
6
15
13
0
0
0
0
0
0
3
15
1
1
17
12
12
12
12
12
12
12
16
13
0
0
0
0
0
0
3
15
1
1
1
1
1
1
1
1
1
1
1
17
12
12
12
12
0
0
3
15
1
1
1
1
1
1
1
1
1
1
1
1
1
1
1
1
2
2
6
8
14
14
14
14
14
14
14
14
14
14
14
14
14
14
14
14
0
19
19
1
